         A        C        D        E        F        G        H        I        L        K        M        N        P        Q        R        S        T        V        W        Y
A   0.2688   0.0252   0.0286   0.0394   0.0249   0.0745   0.0138   0.0497   0.0723   0.0424   0.0183   0.0239   0.0285   0.0248   0.0380   0.0791   0.0513   0.0735   0.0050   0.0180
C   0.0737   0.4469   0.0206   0.0149   0.0247   0.0282   0.0099   0.0492   0.0716   0.0221   0.0181   0.0171   0.0148   0.0129   0.0198   0.0412   0.0369   0.0528   0.0068   0.0178
D   0.0387   0.0095   0.3675   0.1019   0.0178   0.0533   0.0187   0.0258   0.0273   0.0418   0.0095   0.0616   0.0281   0.0338   0.0272   0.0566   0.0368   0.0277   0.0036   0.0129
E   0.0528   0.0068   0.1009   0.2641   0.0177   0.0383   0.0256   0.0256   0.0372   0.0786   0.0129   0.0443   0.0278   0.0635   0.0511   0.0561   0.0364   0.0378   0.0049   0.0176
F   0.0408   0.0138   0.0216   0.0216   0.3375   0.0296   0.0198   0.0713   0.1037   0.0232   0.0262   0.0180   0.0113   0.0136   0.0208   0.0314   0.0281   0.0555   0.0188   0.0933
G   0.0726   0.0094   0.0385   0.0279   0.0176   0.4978   0.0134   0.0185   0.0269   0.0300   0.0094   0.0442   0.0202   0.0176   0.0269   0.0560   0.0264   0.0274   0.0067   0.0128
H   0.0386   0.0095   0.0389   0.0536   0.0338   0.0386   0.3356   0.0258   0.0375   0.0417   0.0131   0.0615   0.0204   0.0337   0.0516   0.0410   0.0266   0.0277   0.0068   0.0640
I   0.0520   0.0176   0.0200   0.0200   0.0455   0.0199   0.0096   0.2374   0.1820   0.0214   0.0333   0.0166   0.0144   0.0126   0.0192   0.0290   0.0358   0.1850   0.0048   0.0239
L   0.0523   0.0177   0.0146   0.0201   0.0458   0.0200   0.0097   0.1259   0.3482   0.0298   0.0463   0.0168   0.0145   0.0175   0.0267   0.0293   0.0361   0.0981   0.0067   0.0241
K   0.0531   0.0094   0.0387   0.0736   0.0178   0.0385   0.0187   0.0257   0.0515   0.2851   0.0179   0.0445   0.0280   0.0463   0.0976   0.0564   0.0366   0.0380   0.0049   0.0177
M   0.0544   0.0184   0.0209   0.0288   0.0476   0.0286   0.0139   0.0949   0.1905   0.0426   0.1259   0.0240   0.0208   0.0344   0.0382   0.0419   0.0375   0.1019   0.0096   0.0250
N   0.0377   0.0092   0.0720   0.0522   0.0174   0.0716   0.0347   0.0251   0.0366   0.0561   0.0127   0.2984   0.0199   0.0329   0.0503   0.0760   0.0493   0.0270   0.0035   0.0173
P   0.0594   0.0106   0.0434   0.0434   0.0144   0.0431   0.0151   0.0287   0.0418   0.0466   0.0146   0.0262   0.4075   0.0273   0.0303   0.0458   0.0409   0.0425   0.0040   0.0144
Q   0.0557   0.0099   0.0560   0.1064   0.0186   0.0404   0.0270   0.0270   0.0541   0.0829   0.0259   0.0467   0.0294   0.1754   0.0744   0.0591   0.0384   0.0399   0.0071   0.0256
R   0.0574   0.0102   0.0304   0.0578   0.0192   0.0417   0.0278   0.0278   0.0557   0.1178   0.0194   0.0481   0.0220   0.0501   0.2765   0.0442   0.0396   0.0298   0.0053   0.0191
S   0.1011   0.0180   0.0535   0.0535   0.0245   0.0733   0.0187   0.0355   0.0517   0.0575   0.0180   0.0615   0.0280   0.0337   0.0374   0.2038   0.0697   0.0381   0.0049   0.0177
T   0.0744   0.0182   0.0394   0.0394   0.0249   0.0392   0.0138   0.0496   0.0722   0.0423   0.0182   0.0452   0.0284   0.0248   0.0379   0.0790   0.2549   0.0734   0.0069   0.0180
V   0.0710   0.0174   0.0198   0.0273   0.0327   0.0271   0.0095   0.1708   0.1309   0.0293   0.0331   0.0165   0.0197   0.0172   0.0191   0.0288   0.0489   0.2526   0.0048   0.0237
W   0.0295   0.0137   0.0156   0.0215   0.0676   0.0407   0.0143   0.0271   0.0544   0.0231   0.0189   0.0130   0.0113   0.0187   0.0207   0.0227   0.0280   0.0291   0.4624   0.0674
Y   0.0383   0.0129   0.0203   0.0279   0.1209   0.0278   0.0485   0.0485   0.0706   0.0300   0.0178   0.0233   0.0146   0.0242   0.0269   0.0295   0.0264   0.0520   0.0243   0.3154
