         A        C        D        E        F        G        H        I        L        K        M        N        P        Q        R        S        T        V        W        Y 
A   0.2336   0.0198   0.0340   0.0428   0.0296   0.0739   0.0164   0.0539   0.0785   0.0460   0.0198   0.0357   0.0309   0.0270   0.0328   0.0717   0.0509   0.0729   0.0082   0.0214 
C   0.0599   0.4033   0.0276   0.0276   0.0302   0.0378   0.0133   0.0347   0.0636   0.0296   0.0161   0.0289   0.0158   0.0174   0.0265   0.0461   0.0412   0.0590   0.0042   0.0174 
D   0.0465   0.0125   0.2694   0.0852   0.0186   0.0585   0.0259   0.0270   0.0494   0.0577   0.0125   0.0710   0.0308   0.0338   0.0411   0.0567   0.0403   0.0364   0.0052   0.0214 
E   0.0585   0.0125   0.0851   0.2138   0.0234   0.0464   0.0259   0.0339   0.0621   0.0726   0.0157   0.0448   0.0388   0.0536   0.0517   0.0567   0.0403   0.0364   0.0065   0.0213 
F   0.0451   0.0152   0.0208   0.0261   0.2863   0.0358   0.0158   0.0657   0.1203   0.0281   0.0241   0.0274   0.0189   0.0131   0.0317   0.0347   0.0391   0.0705   0.0158   0.0655 
G   0.0756   0.0128   0.0439   0.0348   0.0241   0.3791   0.0168   0.0277   0.0507   0.0374   0.0161   0.0460   0.0252   0.0219   0.0335   0.0583   0.0329   0.0374   0.0084   0.0174 
H   0.0457   0.0123   0.0529   0.0529   0.0290   0.0457   0.2544   0.0334   0.0611   0.0451   0.0245   0.0555   0.0241   0.0419   0.0509   0.0443   0.0315   0.0358   0.0064   0.0527 
I   0.0579   0.0123   0.0212   0.0267   0.0463   0.0290   0.0128   0.2119   0.1546   0.0286   0.0390   0.0280   0.0242   0.0211   0.0257   0.0354   0.0399   0.1435   0.0081   0.0335 
L   0.0567   0.0152   0.0261   0.0328   0.0570   0.0358   0.0158   0.1039   0.3017   0.0280   0.0382   0.0217   0.0188   0.0207   0.0316   0.0275   0.0391   0.0886   0.0079   0.0328 
K   0.0612   0.0130   0.0562   0.0708   0.0245   0.0486   0.0215   0.0355   0.0517   0.1909   0.0207   0.0468   0.0322   0.0446   0.1080   0.0471   0.0422   0.0479   0.0085   0.0281 
M   0.0585   0.0157   0.0269   0.0339   0.0468   0.0465   0.0259   0.1073   0.1562   0.0459   0.0991   0.0283   0.0245   0.0338   0.0411   0.0358   0.0403   0.0915   0.0082   0.0338 
N   0.0592   0.0159   0.0862   0.0544   0.0299   0.0746   0.0330   0.0432   0.0500   0.0584   0.0159   0.1805   0.0248   0.0343   0.0524   0.0723   0.0514   0.0369   0.0052   0.0216 
P   0.0618   0.0105   0.0451   0.0568   0.0248   0.0491   0.0173   0.0451   0.0522   0.0485   0.0166   0.0299   0.3258   0.0284   0.0345   0.0476   0.0426   0.0385   0.0069   0.0179 
Q   0.0613   0.0131   0.0563   0.0893   0.0195   0.0487   0.0341   0.0448   0.0652   0.0762   0.0261   0.0469   0.0323   0.1412   0.0683   0.0595   0.0423   0.0382   0.0086   0.0282 
R   0.0453   0.0122   0.0416   0.0524   0.0288   0.0453   0.0252   0.0331   0.0606   0.1123   0.0193   0.0437   0.0239   0.0415   0.2528   0.0439   0.0393   0.0447   0.0080   0.0262 
S   0.0959   0.0204   0.0556   0.0556   0.0305   0.0762   0.0213   0.0442   0.0511   0.0474   0.0162   0.0583   0.0319   0.0350   0.0425   0.1474   0.0832   0.0597   0.0053   0.0221 
T   0.0754   0.0202   0.0437   0.0437   0.0381   0.0476   0.0167   0.0551   0.0802   0.0470   0.0202   0.0459   0.0316   0.0275   0.0421   0.0921   0.1644   0.0744   0.0066   0.0275 
V   0.0721   0.0194   0.0264   0.0264   0.0458   0.0361   0.0127   0.1322   0.1215   0.0357   0.0307   0.0220   0.0191   0.0166   0.0320   0.0441   0.0497   0.2250   0.0064   0.0263 
W   0.0451   0.0076   0.0208   0.0261   0.0572   0.0451   0.0126   0.0415   0.0603   0.0354   0.0152   0.0173   0.0189   0.0207   0.0317   0.0219   0.0247   0.0353   0.3970   0.0655 
Y   0.0454   0.0122   0.0331   0.0331   0.0912   0.0361   0.0401   0.0661   0.0962   0.0448   0.0243   0.0276   0.0190   0.0263   0.0402   0.0350   0.0394   0.0564   0.0252   0.2085 
