         A        C        D        E        F        G        H        I        L        K        M        N        P        Q        R        S        T        V        W        Y 
A   0.3952   0.0174   0.0191   0.0376   0.0166   0.0724   0.0129   0.0337   0.0491   0.0404   0.0124   0.0223   0.0272   0.0237   0.0258   0.0783   0.0499   0.0508   0.0033   0.0120 
C   0.0587   0.5916   0.0110   0.0078   0.0189   0.0212   0.0053   0.0384   0.0560   0.0166   0.0141   0.0129   0.0112   0.0097   0.0106   0.0322   0.0288   0.0413   0.0037   0.0097 
D   0.0258   0.0044   0.5609   0.0731   0.0083   0.0362   0.0127   0.0120   0.0175   0.0398   0.0062   0.0610   0.0136   0.0234   0.0181   0.0392   0.0249   0.0129   0.0016   0.0084 
E   0.0538   0.0033   0.0774   0.4225   0.0088   0.0273   0.0189   0.0178   0.0260   0.0592   0.0092   0.0327   0.0202   0.0684   0.0378   0.0414   0.0371   0.0269   0.0024   0.0089 
F   0.0268   0.0091   0.0099   0.0099   0.5084   0.0136   0.0132   0.0486   0.0995   0.0150   0.0179   0.0116   0.0101   0.0088   0.0134   0.0207   0.0185   0.0372   0.0131   0.0946 
G   0.0789   0.0069   0.0292   0.0208   0.0092   0.6048   0.0100   0.0133   0.0193   0.0313   0.0069   0.0342   0.0150   0.0131   0.0200   0.0433   0.0196   0.0142   0.0036   0.0066 
H   0.0404   0.0049   0.0295   0.0414   0.0256   0.0287   0.4229   0.0188   0.0274   0.0444   0.0097   0.0484   0.0151   0.0514   0.0559   0.0311   0.0278   0.0202   0.0050   0.0514 
I   0.0371   0.0125   0.0098   0.0137   0.0331   0.0134   0.0066   0.3671   0.1375   0.0147   0.0347   0.0114   0.0099   0.0086   0.0132   0.0204   0.0359   0.1999   0.0033   0.0170 
L   0.0360   0.0122   0.0095   0.0133   0.0451   0.0130   0.0064   0.0917   0.5190   0.0201   0.0473   0.0111   0.0096   0.0118   0.0180   0.0198   0.0248   0.0701   0.0045   0.0166 
K   0.0496   0.0060   0.0362   0.0508   0.0114   0.0353   0.0174   0.0164   0.0336   0.4182   0.0119   0.0423   0.0186   0.0449   0.0964   0.0382   0.0342   0.0248   0.0022   0.0115 
M   0.0380   0.0128   0.0141   0.0197   0.0339   0.0193   0.0095   0.0967   0.1977   0.0298   0.2726   0.0165   0.0143   0.0344   0.0267   0.0293   0.0368   0.0739   0.0067   0.0175 
N   0.0351   0.0060   0.0709   0.0359   0.0113   0.0492   0.0243   0.0163   0.0238   0.0542   0.0084   0.4528   0.0132   0.0318   0.0346   0.0533   0.0477   0.0175   0.0022   0.0115 
P   0.0543   0.0066   0.0201   0.0282   0.0125   0.0276   0.0097   0.0180   0.0263   0.0303   0.0093   0.0168   0.6081   0.0178   0.0194   0.0298   0.0267   0.0272   0.0025   0.0090 
Q   0.0496   0.0060   0.0362   0.1002   0.0114   0.0251   0.0343   0.0164   0.0336   0.0766   0.0235   0.0423   0.0186   0.3443   0.0687   0.0382   0.0342   0.0248   0.0044   0.0115 
R   0.0397   0.0048   0.0206   0.0406   0.0128   0.0282   0.0275   0.0185   0.0378   0.1209   0.0134   0.0339   0.0149   0.0505   0.4214   0.0429   0.0273   0.0279   0.0035   0.0130 
S   0.1091   0.0133   0.0404   0.0404   0.0178   0.0553   0.0138   0.0258   0.0375   0.0434   0.0133   0.0473   0.0208   0.0254   0.0389   0.3269   0.0752   0.0389   0.0035   0.0129 
T   0.0721   0.0124   0.0267   0.0375   0.0165   0.0260   0.0128   0.0472   0.0489   0.0402   0.0173   0.0439   0.0193   0.0236   0.0257   0.0780   0.3811   0.0507   0.0033   0.0168 
V   0.0522   0.0126   0.0098   0.0193   0.0236   0.0134   0.0066   0.1865   0.0981   0.0207   0.0248   0.0115   0.0139   0.0122   0.0186   0.0286   0.0360   0.3948   0.0046   0.0122 
W   0.0211   0.0071   0.0078   0.0110   0.0522   0.0211   0.0104   0.0194   0.0397   0.0118   0.0141   0.0091   0.0079   0.0136   0.0148   0.0163   0.0146   0.0293   0.6042   0.0744 
Y   0.0260   0.0062   0.0135   0.0135   0.1264   0.0132   0.0355   0.0335   0.0488   0.0203   0.0123   0.0158   0.0097   0.0119   0.0182   0.0200   0.0251   0.0256   0.0249   0.4995 
