         A        C        D        E        F        G        H        I        L        K        M        N        P        Q        R        S        T        V        W        Y
A   0.3962   0.0163   0.0248   0.0352   0.0152   0.0685   0.0119   0.0312   0.0454   0.0378   0.0163   0.0206   0.0254   0.0221   0.0238   0.0749   0.0472   0.0675   0.0042   0.0156
C   0.0525   0.5936   0.0134   0.0094   0.0165   0.0183   0.0064   0.0340   0.0494   0.0143   0.0125   0.0158   0.0096   0.0084   0.0129   0.0285   0.0362   0.0518   0.0046   0.0119
D   0.0389   0.0065   0.4711   0.0814   0.0122   0.0389   0.0137   0.0177   0.0182   0.0433   0.0065   0.0679   0.0205   0.0254   0.0274   0.0426   0.0381   0.0190   0.0017   0.0089
E   0.0489   0.0041   0.0720   0.4165   0.0108   0.0242   0.0244   0.0157   0.0228   0.0773   0.0116   0.0297   0.0181   0.0644   0.0343   0.0535   0.0337   0.0239   0.0030   0.0111
F   0.0283   0.0095   0.0145   0.0145   0.4230   0.0199   0.0141   0.0524   0.1084   0.0156   0.0274   0.0121   0.0105   0.0091   0.0140   0.0218   0.0277   0.0563   0.0142   0.1067
G   0.0740   0.0061   0.0267   0.0188   0.0115   0.6078   0.0091   0.0117   0.0243   0.0287   0.0061   0.0317   0.0136   0.0168   0.0181   0.0401   0.0253   0.0179   0.0032   0.0083
H   0.0358   0.0060   0.0261   0.0527   0.0227   0.0252   0.4213   0.0163   0.0337   0.0399   0.0121   0.0440   0.0133   0.0472   0.0508   0.0392   0.0247   0.0175   0.0044   0.0670
I   0.0348   0.0117   0.0126   0.0126   0.0314   0.0121   0.0061   0.3730   0.1333   0.0192   0.0337   0.0105   0.0091   0.0112   0.0172   0.0189   0.0340   0.1984   0.0043   0.0160
L   0.0389   0.0131   0.0099   0.0141   0.0498   0.0193   0.0096   0.1024   0.4275   0.0214   0.0535   0.0117   0.0144   0.0126   0.0192   0.0211   0.0268   0.1100   0.0068   0.0179
K   0.0527   0.0062   0.0385   0.0777   0.0117   0.0371   0.0185   0.0240   0.0350   0.3397   0.0125   0.0456   0.0278   0.0489   0.1062   0.0406   0.0363   0.0258   0.0032   0.0120
M   0.0524   0.0125   0.0133   0.0269   0.0473   0.0183   0.0130   0.0972   0.2011   0.0289   0.2069   0.0158   0.0137   0.0342   0.0259   0.0284   0.0361   0.1044   0.0065   0.0170
N   0.0385   0.0092   0.0805   0.0399   0.0121   0.0547   0.0273   0.0175   0.0255   0.0609   0.0092   0.3883   0.0143   0.0357   0.0384   0.0598   0.0535   0.0188   0.0034   0.0125
P   0.0489   0.0058   0.0251   0.0251   0.0108   0.0242   0.0085   0.0157   0.0324   0.0383   0.0082   0.0147   0.6071   0.0158   0.0242   0.0377   0.0237   0.0239   0.0021   0.0078
Q   0.0514   0.0061   0.0375   0.1075   0.0114   0.0362   0.0364   0.0234   0.0341   0.0813   0.0247   0.0444   0.0191   0.2758   0.0729   0.0562   0.0354   0.0251   0.0045   0.0166
R   0.0366   0.0061   0.0267   0.0379   0.0115   0.0258   0.0260   0.0237   0.0345   0.1168   0.0124   0.0316   0.0193   0.0482   0.4266   0.0400   0.0358   0.0254   0.0032   0.0118
S   0.1042   0.0123   0.0377   0.0535   0.0162   0.0516   0.0181   0.0235   0.0342   0.0405   0.0123   0.0446   0.0272   0.0337   0.0363   0.3268   0.0718   0.0358   0.0032   0.0167
T   0.0748   0.0178   0.0384   0.0384   0.0235   0.0370   0.0130   0.0484   0.0496   0.0412   0.0178   0.0455   0.0195   0.0242   0.0370   0.0818   0.2981   0.0738   0.0032   0.0170
V   0.0722   0.0172   0.0129   0.0184   0.0323   0.0177   0.0062   0.1902   0.1372   0.0197   0.0346   0.0108   0.0133   0.0116   0.0177   0.0275   0.0497   0.2900   0.0044   0.0164
W   0.0256   0.0086   0.0065   0.0131   0.0466   0.0180   0.0090   0.0235   0.0486   0.0141   0.0123   0.0109   0.0067   0.0118   0.0127   0.0139   0.0124   0.0252   0.6126   0.0680
Y   0.0377   0.0090   0.0136   0.0194   0.1387   0.0187   0.0540   0.0347   0.0505   0.0208   0.0128   0.0162   0.0099   0.0173   0.0187   0.0291   0.0260   0.0372   0.0270   0.4087
